## L
001:098:000:STREAM             1787371341.524428
 01 01 00 00 00 00 00

001:098:000:STREAM             1787371342.036437
 01 00 00 00 00 00 00

## Wheel Up
001:098:000:STREAM             1787371346.980455
 01 00 00 00 00 00 01

## Wheel Down
001:098:000:STREAM             1787371348.060472
 01 00 00 00 00 00 FF

## Wheel Click
001:098:000:STREAM             1787371350.580495
 01 04 00 00 00 00 00

001:098:000:STREAM             1787371351.076505
 01 00 00 00 00 00 00

## R
001:098:000:STREAM             1787371353.988510
 01 02 00 00 00 00 00

001:098:000:STREAM             1787371354.556511
 01 00 00 00 00 00 00

## Ctrl C? ちょっとおかしかった
001:098:001:STREAM             1787371358.352575
 01 00 00 00 00 00 00 00

001:098:001:STREAM             1787371358.464530
 01 00 06 00 00 00 00 00

001:098:001:STREAM             1787371358.480521
 00 00 00 00 00 00 00 00

001:098:001:STREAM             1787371360.592564
 01 00 00 00 00 00 00 00

## Ctrl V?
001:098:001:STREAM             1787371360.704559
 01 00 19 00 00 00 00 00

001:098:001:STREAM             1787371360.720612
 00 00 00 00 00 00 00 00

# 進む
001:098:000:STREAM             1787371370.532657
 01 10 00 00 00 00 00

001:098:000:STREAM             1787371371.236620
 01 00 00 00 00 00 00

# 戻る
001:098:000:STREAM             1787371372.212695
 01 08 00 00 00 00 00

001:098:000:STREAM             1787371372.772631
 01 00 00 00 00 00 00

# Volume Up
001:098:000:STREAM             1787371378.948644
 02 E9 00

001:098:000:STREAM             1787371379.652658
 02 00 00

# Volume Down
001:098:000:STREAM             1787371382.188691
 02 EA 00

001:098:000:STREAM             1787371382.908711
 02 00 00

# Cursor up/down/left/right
001:098:000:STREAM             1787371386.796752
 01 00 00 00 FF FF 00

001:098:000:STREAM             1787371386.804746
 01 00 00 00 FE FF 00

001:098:000:STREAM             1787371386.812774
 01 00 00 00 FF FF 00

001:098:000:STREAM             1787371386.818689
 01 00 00 00 FF FF 00

001:098:000:STREAM             1787371386.836745
 01 00 00 00 FF FF 00

001:098:000:STREAM             1787371386.850726
 01 00 00 00 FF FF 00

001:098:000:STREAM             1787371386.932764
 01 00 00 00 FF FF 00

001:098:000:STREAM             1787371387.604770
 01 00 00 00 01 00 00

001:098:000:STREAM             1787371387.620788
 01 00 00 00 01 00 00

001:098:000:STREAM             1787371387.644734
 01 00 00 00 01 00 00

001:098:000:STREAM             1787371387.700771
 01 00 00 00 01 00 00

001:098:000:STREAM             1787371387.716763
 01 00 00 00 01 00 00

001:098:000:STREAM             1787371387.748752
 01 00 00 00 01 00 00

001:098:000:STREAM             1787371387.772792
 01 00 00 00 01 00 00

001:098:000:STREAM             1787371387.788695
 01 00 00 00 01 00 00

001:098:000:STREAM             1787371387.810691
 01 00 00 00 01 00 00

001:098:000:STREAM             1787371387.828765
 01 00 00 00 01 00 00

001:098:000:STREAM             1787371387.842753
 01 00 00 00 01 00 00

001:098:000:STREAM             1787371387.858761
 01 00 00 00 01 00 00

001:098:000:STREAM             1787371387.874696
 01 00 00 00 01 00 00

001:098:000:STREAM             1787371387.882745
 01 00 00 00 01 00 00

001:098:000:STREAM             1787371387.900741
 01 00 00 00 01 00 00

001:098:000:STREAM             1787371387.930738
 01 00 00 00 01 00 00

001:098:000:STREAM             1787371387.970731
 01 00 00 00 01 00 00

001:098:000:STREAM             1787371388.010761
 01 00 00 00 01 00 00

001:098:000:STREAM             1787371388.042759
 01 00 00 00 01 00 00

001:098:000:STREAM             1787371388.066722
 01 00 00 00 01 00 00

001:098:000:STREAM             1787371388.138740
 01 00 00 00 01 00 00

001:098:000:STREAM             1787371388.170735
 01 00 00 00 01 00 00

001:098:000:STREAM             1787371388.228765
 01 00 00 00 01 00 00

001:098:000:STREAM             1787371388.252744
 01 00 00 00 01 00 00

001:098:000:STREAM             1787371389.700753
 01 00 FF FF 00 00 00

001:098:000:STREAM             1787371389.708758
 01 00 FF FF FF FF 00

001:098:000:STREAM             1787371389.724712
 01 00 FF FF 00 00 00

001:098:000:STREAM             1787371389.732799
 01 00 FF FF 00 00 00

001:098:000:STREAM             1787371389.900751
 01 00 FF FF 00 00 00

001:098:000:STREAM             1787371389.916764
 01 00 FF FF 00 00 00

001:098:000:STREAM             1787371389.932711
 01 00 FF FF 00 00 00

001:098:000:STREAM             1787371389.948761
 01 00 FF FF 00 00 00

001:098:000:STREAM             1787371389.956735
 01 00 FF FF 00 00 00

001:098:000:STREAM             1787371389.972708
 01 00 FF FF 00 00 00

001:098:000:STREAM             1787371389.988784
 01 00 FF FF 00 00 00

001:098:000:STREAM             1787371390.004762
 01 00 FF FF 00 00 00

001:098:000:STREAM             1787371390.028707
 01 00 FF FF 00 00 00

001:098:000:STREAM             1787371390.044769
 01 00 FF FF 00 00 00

001:098:000:STREAM             1787371390.052747
 01 00 FF FF 00 00 00

001:098:000:STREAM             1787371390.060752
 01 00 FF FF 00 00 00

001:098:000:STREAM             1787371390.076818
 01 00 FF FF 00 00 00

001:098:000:STREAM             1787371390.092747
 01 00 FF FF 00 00 00

001:098:000:STREAM             1787371390.108774
 01 00 FF FF 00 00 00

001:098:000:STREAM             1787371390.116755
 01 00 FF FF 00 00 00

001:098:000:STREAM             1787371390.140773
 01 00 FF FF 00 00 00

001:098:000:STREAM             1787371390.156737
 01 00 FF FF 00 00 00

001:098:000:STREAM             1787371390.164778
 01 00 FF FF 00 00 00

001:098:000:STREAM             1787371390.172735
 01 00 FE FF 00 00 00

001:098:000:STREAM             1787371390.180776
 01 00 FF FF 00 00 00

001:098:000:STREAM             1787371390.188702
 01 00 FF FF 00 00 00

001:098:000:STREAM             1787371390.196781
 01 00 FF FF 00 00 00

001:098:000:STREAM             1787371390.204735
 01 00 FF FF 00 00 00

001:098:000:STREAM             1787371390.212741
 01 00 FE FF 00 00 00

001:098:000:STREAM             1787371390.220805
 01 00 FF FF 00 00 00

001:098:000:STREAM             1787371390.228812
 01 00 FE FF 00 00 00

001:098:000:STREAM             1787371390.236782
 01 00 FF FF 00 00 00

001:098:000:STREAM             1787371390.244822
 01 00 FF FF 00 00 00

001:098:000:STREAM             1787371390.252759
 01 00 FF FF 00 00 00

001:098:000:STREAM             1787371390.268758
 01 00 FF FF FF FF 00

001:098:000:STREAM             1787371390.276785
 01 00 FF FF 00 00 00

001:098:000:STREAM             1787371390.284777
 01 00 FF FF 00 00 00

001:098:000:STREAM             1787371390.292811
 01 00 FF FF 00 00 00

001:098:000:STREAM             1787371390.324782
 01 00 FF FF 00 00 00

001:098:000:STREAM             1787371390.412790
 01 00 FF FF 00 00 00

001:098:000:STREAM             1787371390.724831
 01 00 01 00 00 00 00

001:098:000:STREAM             1787371390.732718
 01 00 01 00 00 00 00

001:098:000:STREAM             1787371390.740785
 01 00 02 00 00 00 00

001:098:000:STREAM             1787371390.748781
 01 00 01 00 00 00 00

001:098:000:STREAM             1787371390.756768
 01 00 01 00 00 00 00

001:098:000:STREAM             1787371390.764747
 01 00 02 00 00 00 00

001:098:000:STREAM             1787371390.772766
 01 00 02 00 00 00 00

001:098:000:STREAM             1787371390.780806
 01 00 02 00 00 00 00

001:098:000:STREAM             1787371390.788813
 01 00 04 00 00 00 00

001:098:000:STREAM             1787371390.796831
 01 00 03 00 00 00 00

001:098:000:STREAM             1787371390.804804
 01 00 05 00 FF FF 00

001:098:000:STREAM             1787371390.812812
 01 00 03 00 00 00 00

001:098:000:STREAM             1787371390.820803
 01 00 05 00 00 00 00

001:098:000:STREAM             1787371390.828837
 01 00 04 00 00 00 00

001:098:000:STREAM             1787371390.836812
 01 00 02 00 00 00 00

001:098:000:STREAM             1787371390.844746
 01 00 03 00 FF FF 00

001:098:000:STREAM             1787371390.852766
 01 00 03 00 00 00 00

001:098:000:STREAM             1787371390.860729
 01 00 01 00 00 00 00

001:098:000:STREAM             1787371390.868807
 01 00 01 00 00 00 00

001:098:000:STREAM             1787371390.884796
 01 00 01 00 00 00 00

001:098:000:STREAM             1787371390.908793
 01 00 01 00 00 00 00

001:098:000:STREAM             1787371390.924747
 01 00 01 00 00 00 00

001:098:000:STREAM             1787371390.948819
 01 00 01 00 00 00 00

001:098:000:STREAM             1787371390.956769
 01 00 02 00 00 00 00

001:098:000:STREAM             1787371390.964810
 01 00 01 00 00 00 00

001:098:000:STREAM             1787371390.972749
 01 00 01 00 00 00 00

001:098:000:STREAM             1787371390.988768
 01 00 01 00 00 00 00

001:098:000:STREAM             1787371391.012826
 01 00 01 00 00 00 00

001:098:000:STREAM             1787371391.028818
 01 00 01 00 00 00 00

001:098:000:STREAM             1787371391.060822
 01 00 01 00 00 00 00

001:098:000:STREAM             1787371391.076814
 01 00 01 00 00 00 00

001:098:000:STREAM             1787371391.084743
 01 00 01 00 00 00 00

001:098:000:STREAM             1787371391.116843
 01 00 01 00 00 00 00

001:098:000:STREAM             1787371391.140763
 01 00 01 00 00 00 00

